300813
688266
688158
603551
300812
300811
002973
603109
688268
601512
002971
002968
300808
300801
688037
002970
603053
688039
300798
688196
300810
688138
688198
688218
688399
688111
300803
300796
688357
688101
688258
688118
688300
300809
300802
688358
688310
603995
002969
688089
688278
603489
300564
002967
688166
688181
688299
603390
688021
688288
300800
688078
688363
688123
688389
300805
688023
300806
688202
688199
688128
688026
688100
000662
688011
601138
688178
688099
688081
603363
603499
688058
002949
002929
002909
603236
002869
603879
603178
603717
603286
002866
002893
603161
603990
603583
003816
603819
603716
603032
688066
002884
603165
603233
002774
603098
002793
300494
002829
603817
600996
603577
002951
603038
603322
603501
603980
603823
603127
688010
002855
603662
002868
300797
603223
603081
002789
002938
603329
603598
002776
603876
603696
603567
603266
603056
603718
002833
603198
603829
603318
603117
002770
300489
002786
603113
603901
603007
603045
300431
603885
002751
603336
002740
603308
002716
603111
002741
603989
601021
002722
603688
002726
002729
002773
603020
603612
002905
002747
002713
603369
300546
603690
002711
603399
603366
002699
002665
002671
603000
603060
002658
601515
002765
601019
002652
002656
603077
601360
603136
002638
603001
002631
002625
002617
002611
002610
601228
002589
002584
601113
603203
002572
603786
002577
002565
002558
002555
002537
601890
002531
002532
002517
002512
002503
002554
002502
002501
603883
603225
002491
002486
002473
002471
002569
002468
601208
002663
601717
002441
601012
002622
002465
002409
601330
601225
002382
002379
002374
002368
002361
603815
002375
002354
002492
601258
002345
002339
601179
601519
002523
002310
601989
002422
603337
601618
601117
002811
002286
002636
002289
002266
002259
002242
002247
002229
600939
002228
601212
601186
601766
002214
002212
601558
002220
601139
601390
002423
002178
002288
601200
688122
002149
002159
002371
601028
002131
601007
601003
002250
002120
002115
002112
002386
601800
601058
002154
601918
002308
002071
002079
002070
002064
002096
002091
601010
002089
002054
002143
601808
002966
600908
601919
002061
601068
000338
002203
603259
002142
601838
601111
601126
601107
002103
002167
601869
002356
002106
601857
603100
600018
000333
601336
601601
601009
601988
601939
601818
601375
601162
601211
600958
000166
601555
601866
601991
600978
002030
002027
600973
002024
002022
600482
002018
002016
002005
002002
600975
600967
600114
600988
600572
600960
600543
600594
600493
600387
000100
600354
600900
600477
600469
600015
600432
600487
600489
600485
600029
600425
600271
600031
600039
600460
600521
000996
000993
000989
000982
000981
000977
000976
000973
000972
000969
000957
000953
000952
000939
000938
000936
000935
000932
000930
000929
000928
000927
000923
000918
000917
000913
000909
000905
000901
000897
000892
000882
000881
000880
000876
000861
000858
000852
000839
000835
000821
000807
000806
000803
000801
000800
000796
000792
000787
000757
000752
000736
000733
000731
000730
000725
000717
000710
000699
001696
000690
000685
000679
000678
000673
000670
000669
000665
000663
000660
000656
000652
000651
000639
000638
000637
000632
000630
000627
000626
000625
000623
000621
000615
000607
000606
000605
000601
000599
000594
000593
000592
000585
000584
000573
000572
000571
000568
000566
000561
000558
000556
000553
000552
000548
000543
000539
000537
000535
000526
000525
000518
000502
600887
600886
600885
600883
600878
600877
600872
600870
600861
600860
600854
600853
601607
600847
600846
600844
600843
600837
600834
600833
600831
600827
600825
600822
600821
600817
600816
600813
600811
600810
600808
600806
600795
600793
600789
600787
600783
600781
600775
600767
600759
600756
600754
600751
000429
000426
000425
000423
000422
000421
000420
000416
000415
000413
000410
000409
000405
000402
000301
000158
000157
000156
000068
000066
000065
000058
000050
000048
000046
000045
001914
000040
000038
000036
000035
000031
000027
000025
001872
000021
000016
000011
000010
000007
000004
600555
600320
600898
600896
600891
600747
600745
600739
600738
600735
600734
600723
600718
600717
600713
600705
600696
600690
600689
600687
600686
600685
600682
600678
600677
600672
600668
600665
600663
600662
600661
600660
600658
600654
600653
600652
600651
600650
600649
600644
600642
600640
600639
600638
600635
600634
600628
600626
600623
600622
600613
600611
600610
600609
600599
600595
600588
600587
600586
600571
600568
600567
600563
600548
600532
600531
600500
600499
600458
600448
600428
600398
600393
600376
600369
600363
600360
600355
600345
600339
600331
600329
600308
600306
600291
600290
600279
600267
600250
600247
600242
600240
600232
600231
600227
600226
600221
600213
600210
600203
600199
600193
600191
600182
600179
600177
600168
600167
600166
600162
600158
600153
600151
600150
600149
600139
600137
600136
600133
600130
600128
600127
600121
600120
600112
600107
600104
600100
600098
600095
600093
600085
600081
600079
600078
600072
600071
600068
600064
600061
600036
600033
600030
600028
600026
600016
600007
688019
688008
688005
688007
688188
688321
688116
603982
002959
688036
603666
603121
688068
603477
300745
300781
603267
688168
603106
300713
603848
603713
300672
300726
603655
603659
688020
300730
603706
603486
002930
603683
603283
603922
600933
300658
603596
601619
603590
603260
603533
002887
300647
300591
300625
603080
603229
300652
300787
603496
300767
300795
300807
603908
603681
603906
300575
002865
300607
300600
603960
601298
300510
300733
603933
601595
603638
300645
603258
002858
603587
603768
603896
603605
300553
300597
603938
603133
300565
002842
603580
603978
603037
601698
002867
603976
300572
603301
603816
300640
603920
002901
603530
603090
300530
603919
300555
603313
603977
603868
603603
603630
300586
002878
002824
300513
002902
300539
603859
300474
603983
300619
300656
300543
603855
603506
002823
603986
300512
300506
603103
603887
603801
300706
603626
300525
300613
300783
300531
603010
600936
002787
603396
603903
603881
603226
603778
603663
002790
603929
300756
601611
300509
002950
300700
603326
688025
300663
300566
603339
603028
300480
300478
300485
603886
300473
300720
603917
300472
300527
603959
300505
603900
603800
603269
300545
688009
603029
603398
603708
300664
300533
603058
603680
603668
603833
300616
603585
002856
002822
300705
603687
601127
603628
603616
603030
603617
300469
300467
601900
603928
601858
603355
300462
603180
603338
603918
603985
603866
603050
002831
300475
603937
300708
603828
603256
002762
603131
300526
603825
603789
300511
002766
603997
002775
603969
002761
603022
603898
002798
603698
603611
300649
603860
300495
300424
300455
300432
300423
300786
002758
002757
603797
300425
300415
002768
603222
002781
601226
603939
603998
002785
300411
002721
300392
603777
002792
603315
603043
300387
300389
002737
603699
603730
002739
300399
300412
300351
300363
002753
603368
300499
300398
603555
300323
002693
300343
002707
300328
300385
300379
300529
300518
300356
603701
603809
002679
300322
002838
002851
002850
300608
002685
300429
603011
300312
300302
300308
002670
601949
300300
601231
601388
603602
603157
300304
300306
603359
300310
300307
601615
002666
300292
300483
300298
002819
300408
300695
300350
300297
300324
300281
300279
002635
002640
601828
603299
300666
601100
300266
002745
300262
300270
300263
002616
603518
002629
603197
002717
300267
300255
300256
603996
002620
002603
300250
300246
300243
300241
002597
300230
300232
002586
002592
300228
300227
300222
300215
002578
300207
300210
603006
002575
002581
300201
300226
002563
300204
603665
300192
300378
002698
300220
600977
300203
002769
300216
300193
300176
300178
300170
300163
601933
300147
002606
300151
002516
300148
002505
300141
002499
603303
601928
002889
300137
002498
300552
002482
601098
601886
002472
300580
300129
603003
300113
300107
300305
002484
300100
002916
603810
603818
300089
300094
601718
300099
300097
300085
601000
300090
300086
300769
300074
300080
002435
300069
002429
002447
002573
603168
601018
300062
300098
002413
601188
002399
601669
300057
002378
601106
002366
002510
300247
002359
002355
300335
601985
002336
601801
002318
002314
002400
300252
300018
300053
300008
300117
002756
300071
300022
300463
300047
300111
300044
002301
601888
002927
300171
002412
603733
300444
601798
300065
002292
601969
601500
300002
002277
603328
603188
300233
300680
688369
601216
002256
002467
002251
603126
601198
002249
002647
002364
002863
603323
601238
002209
002204
601992
002210
002304
002183
002180
002177
002173
002166
002169
002162
002161
002158
002156
002147
601811
002248
603993
002134
300760
002126
603888
002135
002121
002111
002917
603693
600919
002350
601872
002094
300049
002074
002396
002076
300040
002263
601008
002240
601699
601006
002055
601001
601880
603689
601066
603288
601158
002370
300189
002343
603700
601099
601727
600928
002948
002116
601038
002331
601598
601333
300105
601116
002067
603968
601600
600023
001965
001979
601319
601628
601577
601169
601166
002673
601688
601901
601377
601236
601990
600999
603927
002490
601899
002594
601588
002045
002042
002035
002032
002031
600983
600965
600984
600022
002004
600995
600997
600963
600491
600992
600986
600463
600284
600479
600035
600452
600249
600540
600527
600184
600406
600517
600403
600507
600401
600429
600462
600547
600348
600409
600584
600459
600502
600575
600370
600562
000999
000995
000985
000978
000975
000971
000966
000965
000963
000960
000955
000933
000912
000908
000903
000900
000898
001896
000887
000886
000885
000883
000878
000875
000869
000837
000836
000833
000831
000829
000823
000815
000811
000797
000791
000785
000782
000780
000777
000776
000766
000765
000762
000760
000759
000758
000727
000726
000723
000709
000692
000691
000689
000687
000682
000681
000680
000657
000650
000622
000620
000616
000611
000608
000597
000591
000588
000587
000586
000583
000581
000576
000570
000567
000564
000563
000557
000554
000545
000541
000536
000533
000529
000528
000524
000516
000506
000504
000503
000498
000430
600881
600880
600879
600875
600865
600859
600838
600830
600828
600823
600819
600818
600804
600798
600796
600791
600782
600780
600770
600766
600765
600764
600763
600760
600758
600755
600753
000408
000153
000151
000150
000096
000090
000061
000047
000030
000029
000017
000006
000005
600272
600295
600895
600894
600893
600892
600890
600748
600746
600744
600743
600741
600737
600733
600732
600727
600726
600716
600715
600711
600707
600704
600700
600695
600691
600681
600675
600673
600671
600667
600659
600657
600648
600643
600641
600637
600636
600633
600630
600629
600621
600620
600619
600618
600615
600614
600604
600593
600590
600582
600580
600579
600569
600561
600556
600552
600551
600539
600538
600536
600533
600522
600520
600518
600515
600512
600505
600501
600498
600488
600468
600418
600415
600400
600391
600388
600385
600383
600379
600373
600362
600359
600358
600353
600351
600337
600336
600322
600321
600303
600302
600293
600292
600287
600286
600285
600283
600282
600281
600280
600275
600269
600268
600259
600258
600248
600246
600243
600241
600238
600235
600234
600233
600229
600220
600218
600217
600212
600208
600207
600196
600195
600192
600190
600186
600183
600175
600170
600165
600163
600159
600157
600155
600145
600138
600126
600122
600119
600116
600115
600109
600108
600105
600101
600097
600091
600089
600088
600083
600082
600076
600074
600069
600065
600062
600058
600055
600052
600037
600012
600010
600009
600008
600000
688108
688088
688002
688001
688018
002955
002962
300782
603115
603068
300778
603351
300757
603755
300740
603915
002946
300771
300768
688006
603650
603657
603607
300719
603076
603709
603956
603500
603557
300669
300709
603380
603386
002919
300679
603321
300698
603897
300693
300737
002888
300636
603527
002875
603063
300633
603826
300648
603916
300585
603196
300583
603728
300635
300589
688015
603863
002847
002862
300611
002845
603388
300688
002853
300540
603187
603319
603579
300537
603966
300671
603086
300571
603277
603926
300710
603331
603208
300682
603633
603039
300581
603697
300538
603559
300598
300615
300570
300603
300606
300712
601606
300559
603358
300516
300699
603218
300791
002896
603036
300560
603389
603658
603421
603871
603967
002920
002943
300521
300490
603159
002813
300515
300502
300660
603856
002828
002801
603528
300514
603220
300736
002826
603458
300576
688368
002877
603936
603016
002806
300651
300659
603055
300500
688030
300661
300493
603466
601882
603679
603330
300476
603096
603739
603726
603838
601952
603648
603033
603520
603365
603200
603177
002872
300486
603958
603589
603317
603311
603021
603158
300466
688012
603808
603519
603987
603703
300617
300404
300450
300447
603012
300758
603773
603738
688028
603309
300578
603586
603279
300626
300667
300430
002816
300724
002837
300592
300718
603678
603332
300439
300464
300458
603556
300437
300449
300488
300394
300427
603600
603636
300440
300420
300443
603017
002780
300691
300416
300417
002752
603005
603306
300622
300341
300374
300405
688366
300386
603023
603766
002708
603320
603383
002728
300383
300352
300410
603661
300503
002748
300507
603707
300428
300395
002746
300409
300377
300419
300413
002687
300338
300336
300333
300316
300319
300299
300317
300315
002676
002675
600929
002674
300296
002654
603729
300532
300290
002684
002657
002651
603725
300629
002646
002639
300278
603686
300283
300275
300729
300268
300265
300254
002911
300248
002602
002607
002596
002734
002593
002605
002588
300237
002587
300240
300249
300381
601599
002590
300217
300219
300372
300282
300202
002564
601011
601789
002548
300340
601616
002907
300197
601137
601700
002551
300175
300174
002539
002535
300208
300169
002526
300155
688029
300168
300145
601567
300143
300325
002509
300331
300154
002508
603123
601339
601016
300132
300130
300134
002497
300329
002483
002615
300123
002485
300125
300119
300128
300120
002614
002595
603811
300156
300109
300780
300173
300104
002864
300102
002655
002709
300124
300253
002464
002460
300088
300272
002444
300235
603002
002434
300067
002432
300073
601369
300063
603169
002580
002414
002411
002808
002604
002410
002387
002384
002383
002376
002549
300103
002340
300624
300017
002325
300407
300406
002377
002309
603639
300035
002495
300010
300101
300091
300277
300012
002303
601326
601996
300353
300445
300367
300052
002642
603799
002294
002283
300747
300115
300108
002601
002269
002271
300011
600959
002908
300687
002372
002807
002236
002420
002227
002273
002219
600968
002215
601579
300284
603861
002188
300644
603069
002360
002151
002137
002705
601118
601658
002129
603348
002207
002107
601002
601908
002098
002090
002086
002168
601015
300376
601898
300180
002062
002078
002066
002463
603508
601965
603118
603066
600025
002958
300573
002337
002936
002101
300167
002600
002570
601916
601997
603867
002058
300388
002153
300520
300601
300342
002139
300026
002306
601088
002626
300077
002298
300205
601878
601881
002500
601788
600909
002736
002672
002047
002041
600970
600979
002036
600981
600143
600962
600966
600421
600483
600495
600969
600405
600455
600470
600545
600021
600478
600020
600546
600475
600490
600004
600375
600576
600537
000997
000988
000983
000980
000961
000959
000958
000949
000931
000926
000925
000921
000919
000895
000893
000889
000868
000862
000850
000838
000832
000830
000828
000820
000816
000809
000802
000795
000793
000778
000769
000768
000761
000756
000750
000729
000728
000720
000719
000718
000716
000712
000711
000700
000697
000695
000686
000683
000658
000636
000628
000609
000600
000595
000590
000551
000538
000531
000523
000519
000517
000511
000507
000501
600884
600882
600871
600868
600863
600862
600858
600857
600855
600848
600839
600835
600824
600820
600815
600802
600800
600797
600792
600790
600777
600776
600773
600768
600761
600757
000407
000159
000099
000088
000078
000070
000069
000063
000056
000049
000042
000039
000023
000020
000019
000003
600740
600736
600731
600712
600709
600708
600703
600701
600699
600693
600683
600655
600617
600608
600605
600600
600598
600597
600596
600589
600583
600578
600558
600535
600530
600526
600525
600523
600508
600503
600486
600419
600416
600395
600390
600389
600386
600380
600378
600371
600335
600332
600326
600323
600312
600310
600305
600297
600289
600277
600266
600265
600261
600260
600257
600239
600237
600230
600225
600219
600180
600173
600172
600169
600152
600146
600123
600117
600113
600110
600106
600103
600090
600086
600075
600070
600067
600066
600063
600057
600056
600054
600053
600006
688016
603610
300790
002956
688033
300766
300793
300799
603059
300792
603895
300696
603083
603685
300742
300689
300668
300722
688003
300738
300677
300637
300638
300590
300504
300609
300788
603217
300628
002827
300561
300569
300716
300678
603992
300627
002897
300519
300665
300536
300594
300587
300703
300765
603890
300501
002928
002836
300567
300621
300461
300468
300772
300492
603316
603367
300604
603568
300438
300457
603227
300426
300422
300749
300393
002681
002725
300347
300403
300384
300391
300355
002723
300418
300365
300337
300397
300339
300746
300311
002659
300326
002653
601929
300291
002662
300517
603599
300293
300280
002624
002627
300225
300218
300212
300209
300206
601218
300366
300187
300188
002542
300223
300153
002522
603167
002738
002567
300401
002493
002619
300116
300106
300112
300547
300725
300096
002451
002458
300081
002445
002437
300076
002442
300019
002568
002312
601077
300006
300031
300033
300023
300007
002489
300093
002431
002529
002291
002282
002276
002446
300051
300028
601268
002237
002583
002190
300161
002175
002123
002349
002114
002104
002099
002172
601678
603093
002316
300684
002703
300034
002059
002206
002300
300149
688388
300269
002777
300402
300631
601005
300181
002945
002038
002013
002010
002007
600497
600480
600352
000899
000707
000698
000596
000534
600869
600856
600851
600769
000060
000012
600730
600680
600676
600670
600669
600612
600601
600565
600381
600215
300751
300770
300727
300750
300707
002899
300743
300785
300697
300717
300762
002918
300776
603516
603757
300643
002912
300618
300554
300681
300741
300605
300673
300654
603179
603105
603758
300577
603507
300676
603416
601020
603656
603669
603721
603578
002835
603776
601086
300610
603711
300562
002857
603079
603101
002818
603727
603505
002841
603877
300674
603839
603228
603515
603019
603677
603712
300595
603027
603909
603085
002772
603278
603608
603999
002882
603297
300675
603615
002921
603300
603108
603268
300441
002791
603015
300460
300641
300556
300442
603955
603899
300528
300623
300421
300642
300459
603869
300360
300396
603566
300380
300369
002701
300400
300320
300371
300332
300582
002669
300301
300309
601368
300287
603806
300286
002645
002648
300602
300274
300362
300259
002830
002608
300258
002598
603156
300375
300196
300195
300182
002546
002543
300177
300497
300194
300160
300191
300157
300289
002507
002514
300164
603618
603116
002470
300110
300126
603606
601966
002452
300084
300083
002403
601518
300185
300579
002388
002630
300050
300030
002352
002333
002329
300020
300014
300004
002321
002474
601799
300127
300066
300001
300003
300027
300045
603018
300032
300042
300064
002365
300285
002506
300095
300344
300759
300072
300038
300370
002599
601233
300015
300534
603991
601668
300054
002258
601777
603357
002235
300557
002397
601999
002436
002544
300477
603858
002192
002296
300295
300373
300303
002100
002520
002081
300024
601666
002141
002184
600048
002057
603041
002202
300184
002140
601128
002416
002185
002940
603232
002332
002643
300683
002187
002281
601155
002771
601229
601328
601288
601398
002797
002053
601633
002048
002046
002011
002006
600420
600990
600985
600325
600476
600449
600433
600392
600570
600513
600408
000970
000951
000915
000911
000906
000888
000860
000826
000813
000786
000783
000735
000732
000722
000705
000688
000671
000668
000655
000633
000598
000589
000582
000560
000544
000530
000510
000509
000488
600889
600874
600841
600836
600826
600814
600809
600807
600803
600784
600779
600774
600771
000428
000411
000055
000032
000014
000009
600897
600724
600719
600706
600702
600697
600679
600674
600664
600647
600645
600624
600616
600603
600602
600581
600566
600560
600559
600557
600516
600510
600509
600496
600426
600399
600397
600396
600382
600377
600356
600338
600327
600318
600313
600300
600278
600262
600255
600252
600236
600223
600222
600211
600209
600206
600200
600198
600197
600188
600187
600178
600171
600141
600125
600111
600099
600096
600084
600073
600019
688022
002963
603629
300753
300789
603676
603192
002931
603429
603356
603790
002892
603181
688098
603595
002883
300650
300763
300761
300620
300670
601865
300662
300694
300612
002972
603042
300715
002848
002935
603289
603110
603040
603488
002886
603160
002953
300639
300711
603912
300630
300549
002795
603613
300523
002803
300739
603129
002885
300735
002809
300702
002898
603878
002881
603378
603787
002821
300481
002925
300701
300482
002895
300721
300599
603327
002910
603667
300588
300479
603619
300470
603089
300448
603067
601689
300465
300414
300435
300779
300436
603535
300434
002749
603601
002759
300368
603239
002860
603185
002815
603099
002755
002727
300346
300349
300334
002678
603767
603128
300314
300313
300358
002667
300364
002649
002767
603166
300288
603379
002633
002634
300632
601069
002641
002621
300261
300251
603456
300244
300242
300239
601311
300221
300257
601566
002576
002571
300199
300214
300211
603822
300345
300198
002559
300330
002696
300166
002536
300165
603238
300146
603558
300158
603609
300131
300135
002480
002527
300133
300777
603035
300092
300245
300152
002440
002428
300068
002439
002404
002390
002395
300055
300056
300046
002566
002367
300039
002369
002357
002353
601163
002348
002538
002334
002323
601877
002319
300454
300009
300238
300075
600903
002556
002782
002280
002284
002418
002270
002342
002322
002419
002260
601816
002255
300542
002274
002239
002253
002550
002224
300140
300229
002213
002346
002201
002198
002199
002191
002179
002163
002155
002152
002148
002144
002170
002138
002290
300318
002279
601958
002122
002211
002130
601177
300558
002093
300558
002093
002083
002843
600989
300082
600901
002145
002146
002425
002430
603385
002448
002393
002119
600926
300294
002196
002195
300732
601199
002056
601608
002230
603803
002307
601318
002939
002052
300150
002050
002044
002039
600027
600961
600971
002029
002028
002020
002019
002015
002014
002012
600461
600980
600410
600438
600444
600439
600273
600436
600251
600573
000987
000962
000922
000920
000910
000863
000859
000822
000810
000788
000767
000755
000738
000713
000702
000677
000675
000667
000629
000617
000565
000547
000546
000540
000532
000520
600873
600845
600801
000417
000401
000089
000037
000002
600750
600749
600742
600725
600721
600710
600698
600694
600692
600666
600625
600606
600592
600577
600528
600466
600372
600368
600365
600361
600350
600333
600328
600317
600316
600315
600309
600307
600301
600276
600161
600160
600148
600131
600118
600094
600077
600059
600038
002947
688333
002903
603305
603517
002849
002965
002932
603393
300535
300731
603538
002800
300596
603880
603139
002802
603536
300541
002880
601968
002779
002840
002915
603737
300453
002873
002750
603088
002718
002724
002715
002900
002692
002682
002660
002650
002922
002668
002632
002612
002778
002585
300653
002579
002562
002545
300162
002540
002528
002511
002788
300136
002530
002453
002449
300078
002613
002424
002417
002476
002389
002373
300048
300775
300029
002906
002561
002335
002330
300013
002313
300142
300005
300021
002305
002504
002293
300070
603013
002278
002344
688139
002560
002450
002241
002245
002252
002231
002223
002443
002297
002221
002454
002733
002197
002194
002295
002157
300271
002108
002102
002200
002097
002092
002069
002362
002068
002208
002075
002118
002077
002082
002690
002176
002405
002182
002347
002534
002743
002217
002265
002427
002205
002063
002275
002267
002088
002644
002060
002926
002049
002043
002008
002003
002001
600993
600467
600446
600435
600343
000967
000950
000877
000856
000798
000790
000789
000751
000737
000715
000666
000661
000635
000612
000559
600864
600778
000062
000028
600688
600684
600511
600346
600299
600288
600189
600156
600135
600132
002891
300723
603882
603183
002879
002952
002871
603387
603138
002861
300773
002859
002957
603843
603963
002890
300508
603813
603189
002923
002937
002941
300584
002852
603779
002870
603444
603186
002820
300657
002763
300456
603788
603988
002700
002730
002719
002735
002742
002695
002689
002691
002812
002731
002637
002623
002628
002618
002706
300183
002533
300159
002702
002524
002513
300144
002487
002488
300121
002481
002466
002469
002459
002426
002394
002392
002363
603569
002351
002341
002317
002324
300593
300321
002315
002478
002683
002268
002262
002238
002243
002218
002226
002391
002961
002193
002328
002174
002165
002160
002128
002133
002232
002132
002125
002113
002109
002105
002095
002085
002084
002287
002694
600917
601860
002960
002080
300498
002222
002338
002457
002072
002302
002110
002051
002040
002034
002033
600976
000998
000968
000948
000937
000890
000848
000708
000701
000672
000659
000631
000603
000550
000513
600888
600867
600794
000034
600714
600585
600506
600367
600298
600256
600216
600176
600129
601975
600060
600011
300685
002933
603722
002817
603335
603660
300491
300655
300563
603031
002810
300551
300496
300690
603298
300471
002825
603214
002796
300433
002732
300382
300390
300354
002712
300357
300452
002677
300327
002799
002661
300755
002688
002664
300260
300236
601222
002552
002541
300172
002609
002519
002515
002494
600998
002518
300122
300138
002475
300118
300548
300061
002402
300059
002406
002401
002398
002421
002381
603970
002326
002385
300025
002327
002311
300087
300037
002582
300058
002496
002285
002942
002264
002233
002225
002407
300213
002164
002150
300016
002783
002216
603360
601101
600017
002461
002234
002065
002087
002839
601677
300451
002320
603345
002186
002037
600987
002026
002025
002023
002021
600982
002009
002181
000902
000818
000812
000753
000676
000555
600866
000419
000155
000059
000008
000001
600720
600550
600529
600366
600311
600202
600051
600050
603078
603025
603889
002433
002380
300041
300036
002805
002244
002171
300446
300139
000018
600422
002832
603333
300276
300273
300231
002574
603009
300179
002686
300264
002415
300200
002438
002299
300079
002246
002189
002254
002073
002117
601168
601108
002017
600340
600423
000990
000825
000721
000613
000610
000505
600850
600829
600785
000403
600729
600549
600319
600228
600201
300692
300550
300748
300686
603637
603979
300634
601366
603026
603008
603588
601636
300234
002553
002557
002697
002521
002479
603377
002591
002127
002124
601998
000851
000819
000799
000739
000703
000521
000514
600876
600812
600805
000404
000026
600728
600080
002846
002876
002455
002462
600456
002760
300348
603798
002547
600481
000779
000619
600722
600519
600330
300752
300568
300484
300487
300522
300224
300190
002456
300043
300114
603199
002358
002272
600185
002714
300359
002408
002261
000400
002913
002136
